45.8    42.1    39.8    34.2    30    26.9    25.9    31.3    34.6    38.2    41.8    42.2
26.2    27.6    25.4    24.3    20.8    18.4    18.1    19.7    22    25.6    24.8    26.3
10.6    9.6    9.3    7    4.4    2.1    2.2    2.7    4.9    5.7    7.7    9.1
71    74    74    72    74    74    71    66    62    61    66    67
16.6    17.3    16    12.9    9.7    7.2    5.5    5.9    8    10.5    12.8    14.9
12.2    12.5    13.6    12.9    13    12.5    11.2    10.4    10.6    11.6    11.7    11.5
102.5    117    129.6    128.8    119.2    131.9    97    80.6    68.4    76.7    84.1    77.7



